0 90
0 89
1 89
2 89
2 88
3 88
4 88
5 88
5 87
6 87
7 87
8 87
9 87
9 86
10 86
11 86
12 86
13 86
14 86
15 86
16 86
17 86
17 85
17 84
17 83
17 82
17 81
18 81
19 81
20 81
21 81
22 81
23 81
24 81
24 80
24 79
25 79
26 79
27 79
28 79
29 79
30 79
30 78
31 78
32 78
33 78
33 77
34 77
34 76
35 76
35 75
35 74
36 74
36 73
37 73
38 73
38 72
39 72
40 72
41 72
42 72
42 71
43 71
44 71
45 71
46 71
47 71
48 71
48 70
49 70
50 70
51 70
51 69
52 69
53 69
54 69
54 68
55 68
56 68
57 68
57 67
58 67
59 67
60 67
61 67
62 67
63 67
64 67
65 67
66 67
67 67
68 67
69 67
70 67
71 67
72 67
73 67
74 67
75 67
76 67
77 67
78 67
79 67
80 67
81 67
82 67
83 67
84 67
85 67
86 67
87 67
88 67
89 67
88 67
89 67
88 67
89 67
88 67
89 67
88 67
89 67
88 67
