0.5 90
1.0 90
1.5 90
2.0 90
2.5 90
3.0 90
3.5 90
4.0 90
4.5 90
5.0 90
5.5 90
6.0 90
6.5 90
7.0 90
7.5 90
8.0 90
8.5 90
9.0 90
9.5 90
10.0 90
10.5 90
11.0 90
11.5 90
12.0 90
12.5 90
13.0 90
13.5 90
14.0 90
14.5 90
15.0 90
15.5 90
16.0 90
16.5 90
17.0 90
17.5 90
18.0 90
18.5 90
19.0 90
19.5 90
20.0 90
20.5 90
21.0 90
21.5 90
22.0 90
22.5 90
23.0 90
23.5 90
24.0 90
24.5 90
25.0 90
25.5 90
26.0 90
26.5 90
27.0 90
27.5 90
28.0 90
28.5 90
29.0 90
29.5 90
30.0 90
30.5 90
31.0 90
31.5 90
32.0 90
32.5 90
33.0 90
33.5 90
34.0 90
34.5 90
35.0 90
35.5 90
36.0 90
36.0 90
36.0 89.5
36.0 89.0
36.0 88.5
36.0 88.0
36.0 87.5
36.0 87.0
36.0 86.5
36.0 86.0
36.0 85.5
36.0 85.0
36.0 84.5
36.0 84.0
36.0 83.5
36.0 83.0
36.0 82.5
36.0 82.0
36.0 81.5
36.0 81.0
36.0 80.5
36.0 80.0
36.0 79.5
36.0 79.0
36.0 78.5
36.0 78.0
36.0 77.5
36.0 77.0
36.0 76.5
36.0 76.0
36.0 75.5
36.0 75.0
36.0 74.5
36.0 74.0
36.0 73.5
36.0 73.0
36.0 72.5
36.0 72.0
36.0 71.5
36.0 71.0
36.0 70.5
36.0 70.0
36.0 69.5
36.0 69.0
36.0 68.5
36.0 68.0
36.0 67.5
36.0 67.0
36.0 66.5
36.0 66.0
36.0 65.5
36.0 65.0
36.0 64.5
36.0 64.0
36.0 63.5
36.0 63.0
36.0 62.5
36.0 62.0
36.0 61.5
36.0 61.0
36.0 60.5
